tree
version=v4
num_class=1
num_tree_per_iteration=1
label_index=0
max_feature_idx=20
objective=regression
feature_names=Column_0 Column_1 Column_2 Column_3 Column_4 Column_5 Column_6 Column_7 Column_8 Column_9 Column_10 Column_11 Column_12 Column_13 Column_14 Column_15 Column_16 Column_17 Column_18 Column_19 Column_20
feature_infos=[1:9] [0:40.799999999999997] [0:184] [0:96] [0:4] [0:4] [0:6] [0:3] [0:5] [0:4] [0:4] [0:3] [0:3] [0:7.5] [0:4] [0:5] [0:75] [0:89] [0:3] [0:10.1] [0:1]
tree_sizes=846 909 907 914 911 913 915 922 911 930 906 908 908 908 908 998 914 1002 1086 996

Tree=0
num_leaves=9
num_cat=0
split_feature=2 4 8 9 3 2 18 16
split_gain=3.45484 1.84615 2.37322 1.51689 1.33986 1.00951 1.03252 0.342899
threshold=58.000000000000007 1.0000000180025095e-35 2.5000000000000004 2.5000000000000004 38.000000000000007 77.000000000000014 1.5000000000000002 39.500000000000007
decision_type=2 2 2 2 2 2 2 2
left_child=1 -1 7 -2 5 -5 -7 -3
right_child=3 2 -4 4 -6 6 -8 -9
leaf_value=1.3934782611436669 1.4040936454426882 1.4114269785574713 1.398406145612189 1.3864269793025292 1.381426979451541 1.4050167223382555 1.3910566087941854 1.4200936449658512
leaf_weight=26 25 21 32 30 30 26 27 25
leaf_count=26 25 21 32 30 30 26 27 25
internal_value=1.39813 1.40502 1.40886 1.39295 1.39048 1.39376 1.3979 1.41614
internal_weight=242 104 78 138 113 83 53 46
internal_count=242 104 78 138 113 83 53 46
is_linear=0
shrinkage=1


Tree=1
num_leaves=9
num_cat=0
split_feature=15 20 18 1 15 11 6 17
split_gain=5.15484 3.75652 1.76457 1.14877 1.01934 0.833933 0.75127 0.248102
threshold=3.5000000000000004 1.0000000180025095e-35 1.0000000180025095e-35 38.45000000000001 1.0000000180025095e-35 1.5000000000000002 3.5000000000000004 6.8500000000000005
decision_type=2 2 2 2 2 2 2 2
left_child=1 6 4 5 -3 -2 -1 -7
right_child=3 2 -4 -5 -6 7 -8 -9
leaf_value=-0.011449700966477395 -0.0048909599582354227 0.012014918182140743 0.002626398250912175 0.0017443539840834483 0.025286723349405373 -0.019771067276597026 0.0010608779266476631 -0.012479652145079205
leaf_weight=24 30 39 33 21 23 20 24 28
leaf_count=24 30 39 33 21 23 20 24 28
internal_value=0.000134574 0.0062064 0.0119668 -0.00863585 0.0169383 -0.0114305 -0.00519441 -0.0155177
internal_weight=242 143 95 99 62 78 48 48
internal_count=242 143 95 99 62 78 48 48
is_linear=0
shrinkage=0.05


Tree=2
num_leaves=9
num_cat=0
split_feature=15 15 20 1 11 17 9 17
split_gain=4.65225 3.42145 2.49903 1.03676 0.752625 0.736356 0.577737 0.223912
threshold=3.5000000000000004 1.0000000180025095e-35 1.0000000180025095e-35 38.45000000000001 1.5000000000000002 6.8500000000000005 1.5000000000000002 6.8500000000000005
decision_type=2 2 2 2 2 2 2 2
left_child=1 2 -1 4 -2 -3 -4 -6
right_child=3 5 6 -5 7 -7 -8 -9
leaf_value=-0.0092169521710811515 -0.0046464117368062337 0.010224650090649016 0.01214128003038209 0.0016571366361209324 -0.018782513812184334 0.022924923300743104 0.0021608045902745481 -0.011855669319629669
leaf_weight=39 30 21 29 21 20 25 29 28
leaf_count=39 30 21 29 21 20 25 29 28
internal_value=0.000127845 0.00589608 0.000570096 -0.00820406 -0.010859 0.017127 0.00715104 -0.0147419
internal_weight=242 143 97 99 78 46 58 48
internal_count=242 143 97 99 78 46 58 48
is_linear=0
shrinkage=0.05


Tree=3
num_leaves=9
num_cat=0
split_feature=15 15 20 18 1 3 9 18
split_gain=4.19865 3.08786 2.25538 1.3513 0.935677 0.661715 0.521408 0.305908
threshold=3.5000000000000004 1.0000000180025095e-35 1.0000000180025095e-35 1.0000000180025095e-35 38.45000000000001 19.000000000000004 1.5000000000000002 1.0000000180025095e-35
decision_type=2 2 2 2 2 2 2 2
left_child=1 2 -1 -3 5 -2 -4 -7
right_child=4 3 6 -5 -6 7 -8 -9
leaf_value=-0.0087561044937525031 -0.004794479813426733 0.023786769807338716 0.011534215818191397 0.0064996341615915307 0.001574279226007916 -0.010253284747401874 0.0020527644917882723 -0.018415868553248321
leaf_weight=39 32 26 29 20 21 24 29 22
leaf_count=39 32 26 29 20 21 24 29 22
internal_value=0.000121453 0.00560128 0.000541591 0.0162706 -0.00779385 -0.010316 0.00679349 -0.0141571
internal_weight=242 143 97 46 99 78 58 46
internal_count=242 143 97 46 99 78 58 46
is_linear=0
shrinkage=0.05


Tree=4
num_leaves=9
num_cat=0
split_feature=2 4 8 16 9 18 16 19
split_gain=2.59572 1.64009 1.74101 1.3073 1.32061 1.49629 0.280585 0.249663
threshold=58.000000000000007 1.0000000180025095e-35 2.5000000000000004 57.500000000000007 3.5000000000000004 1.0000000180025095e-35 39.500000000000007 1.5500000000000003
decision_type=2 2 2 2 2 2 2 2
left_child=1 -1 6 4 5 -2 -3 -7
right_child=3 2 -4 -5 -6 7 -8 -9
leaf_value=-0.0047950511941542992 0.0039047867059707644 0.011675314321404413 0.00074930614791810521 0.0050547658369458955 -0.015427357656881214 -0.013995991945266724 0.019515057444572451 -0.0060956262797117232
leaf_weight=26 37 21 32 29 32 20 25 20
leaf_count=26 37 21 32 29 32 20 25 20
internal_value=0.00011538 0.00608043 0.00970559 -0.00438002 -0.00689019 -0.00334228 0.015936 -0.0100458
internal_weight=242 104 78 138 109 77 46 40
internal_count=242 104 78 138 109 77 46 40
is_linear=0
shrinkage=0.05


Tree=5
num_leaves=9
num_cat=0
split_feature=15 15 18 17 9 17 11 17
split_gain=3.49271 3.2383 1.06469 1.05918 1.39703 0.984999 2.07586 0.0246024
threshold=3.5000000000000004 1.0000000180025095e-35 1.0000000180025095e-35 7.5500000000000007 1.5000000000000002 8.5500000000000025 1.5000000000000002 6.7500000000000009
decision_type=2 2 2 2 2 2 2 2
left_child=1 3 -3 4 -1 6 -2 -8
right_child=5 2 -4 -5 -6 -7 7 -9
leaf_value=0.012708202128609023 0.0058252502977848052 0.02210400482782951 0.0074999463434020685 -0.0069841762001697843 -0.0040206020268110125 -0.015105501742198549 -0.01267796875465484 -0.010227630585432053
leaf_weight=24 30 26 24 39 26 29 21 20
leaf_count=24 30 26 24 39 26 29 21 20
internal_value=-0.00021469 0.00491209 0.0150941 -0.000808109 0.00400922 -0.00734092 -0.00416947 -0.0114827
internal_weight=239 139 50 89 50 100 71 41
internal_count=239 139 50 89 50 100 71 41
is_linear=0
shrinkage=0.05


Tree=6
num_leaves=9
num_cat=0
split_feature=15 15 1 18 17 9 3 2
split_gain=3.15217 2.92257 0.97131 0.960879 0.955908 1.26082 0.786392 0.222364
threshold=3.5000000000000004 1.0000000180025095e-35 38.45000000000001 1.0000000180025095e-35 7.5500000000000007 1.5000000000000002 19.000000000000004 69.000000000000014
decision_type=2 2 2 2 2 2 2 2
left_child=1 4 6 -3 5 -1 -2 -8
right_child=2 3 -4 -5 -6 -7 7 -9
leaf_value=0.012072792400916417 -0.0036716270096161792 0.020998804271221163 0.0028816328942775729 0.007124949308733146 -0.0066349673729676475 -0.0038195717793244586 -0.0097360212355852137 -0.016748627504477136
leaf_weight=24 34 26 20 24 39 26 20 26
leaf_count=24 34 26 20 24 39 26 20 26
internal_value=-0.000203955 0.00466649 -0.00697387 0.0143394 -0.000767703 0.00380876 -0.00943775 -0.0136997
internal_weight=239 139 100 50 89 50 80 46
internal_count=239 139 100 50 89 50 80 46
is_linear=0
shrinkage=0.05


Tree=7
num_leaves=9
num_cat=0
split_feature=15 15 17 11 18 17 9 20
split_gain=2.84484 2.63762 0.883596 1.82348 0.867194 0.862707 1.13789 0.224782
threshold=3.5000000000000004 1.0000000180025095e-35 8.5500000000000025 1.5000000000000002 1.0000000180025095e-35 7.5500000000000007 1.5000000000000002 1.0000000180025095e-35
decision_type=2 2 2 2 2 2 2 2
left_child=1 5 3 -2 -3 6 -1 -5
right_child=2 4 -4 7 -6 -7 -8 -9
leaf_value=0.011469152507682642 0.0057460647821426392 0.019948864212402932 -0.013979239350762861 -0.006682045310735703 0.0067687014117836959 -0.0063032188476660313 -0.0036285933966820057 -0.014088624644847142
leaf_weight=24 30 26 29 20 24 39 26 21
leaf_count=24 30 26 29 20 24 39 26 21
internal_value=-0.000193757 0.00443317 -0.00662518 -0.00362141 0.0136224 -0.000729318 0.00361832 -0.0104757
internal_weight=239 139 100 71 50 89 50 41
internal_count=239 139 100 71 50 89 50 41
is_linear=0
shrinkage=0.05


Tree=8
num_leaves=9
num_cat=0
split_feature=15 15 1 17 9 3 4 2
split_gain=2.56746 2.38045 0.843247 0.778593 1.02694 0.697191 0.416534 0.193491
threshold=3.5000000000000004 1.0000000180025095e-35 38.45000000000001 7.5500000000000007 1.5000000000000002 19.000000000000004 1.5000000000000002 69.000000000000014
decision_type=2 2 2 2 2 2 2 2
left_child=1 3 5 4 -1 -2 -3 -7
right_child=2 6 -4 -5 -6 7 -8 -9
leaf_value=0.010895694668094319 -0.0031603775480214288 0.0087292279910158223 0.0028889249265193939 -0.0059880579511324564 -0.0034471636208204121 -0.0089051887392997738 0.017885834237803582 -0.015446693163651687
leaf_weight=24 34 27 20 39 26 20 23 26
leaf_count=24 34 27 20 39 26 20 23 26
internal_value=-0.00018407 0.00421151 -0.00629392 -0.000692852 0.00343741 -0.00858963 0.0129413 -0.0126026
internal_weight=239 139 100 89 50 80 50 46
internal_count=239 139 100 89 50 80 50 46
is_linear=0
shrinkage=0.05


Tree=9
num_leaves=9
num_cat=0
split_feature=15 15 17 11 18 20 14 20
split_gain=2.31714 2.14836 0.792678 1.60191 0.768763 0.759192 0.939786 0.201715
threshold=3.5000000000000004 1.0000000180025095e-35 8.5500000000000025 1.5000000000000002 1.0000000180025095e-35 1.0000000180025095e-35 1.0000000180025095e-35 1.0000000180025095e-35
decision_type=2 2 2 2 2 2 2 2
left_child=1 5 3 -2 -3 -1 -7 -5
right_child=2 4 -4 7 -6 6 -8 -9
leaf_value=-0.006132800796547452 0.0056457408765951799 0.018250826746225357 -0.01294466370138629 -0.0059648267179727562 0.0058411950245499614 -0.0020768436603248118 0.011739598885178566 -0.01298109321367173
leaf_weight=37 30 26 29 20 24 32 20 21
leaf_count=37 30 26 29 20 24 32 20 21
internal_value=-0.000174866 0.00400093 -0.00597923 -0.00313419 0.0122942 -0.00065821 0.00323717 -0.00955852
internal_weight=239 139 100 71 50 89 52 41
internal_count=239 139 100 71 50 89 52 41
is_linear=0
shrinkage=0.05


Tree=10
num_leaves=9
num_cat=0
split_feature=18 4 19 15 5 1 5 14
split_gain=3.05204 2.26555 2.01456 1.22355 0.954359 0.394161 0.364474 0.350336
threshold=1.5000000000000002 1.0000000180025095e-35 2.0500000000000003 3.5000000000000004 1.5000000000000002 38.050000000000004 2.5000000000000004 2.5000000000000004
decision_type=2 2 2 2 2 2 2 2
left_child=1 -1 7 4 5 -3 -5 -2
right_child=2 3 -4 6 -6 -7 -8 -9
leaf_value=-0.0062846538775107449 -0.0097839518139759708 0.019826895053739902 0.0026311486028134825 -0.0018637888961368137 0.0031797184862873773 0.011563508693248995 0.0067015147079592169 -0.018744162172079089
leaf_weight=34 24 27 32 27 22 31 23 20
leaf_count=34 24 27 32 27 22 31 23 20
internal_value=0.00136826 0.0052066 -0.00691449 0.00821201 0.0120469 0.0154103 0.00207625 -0.0138568
internal_weight=240 164 76 130 80 58 50 44
internal_count=240 164 76 130 80 58 50 44
is_linear=0
shrinkage=0.05


Tree=11
num_leaves=9
num_cat=0
split_feature=18 4 19 15 5 16 6 14
split_gain=2.75446 2.04466 1.81814 1.10425 0.861309 0.407643 0.359401 0.316178
threshold=1.5000000000000002 1.0000000180025095e-35 2.0500000000000003 3.5000000000000004 1.5000000000000002 41.500000000000007 1.5000000000000002 2.5000000000000004
decision_type=2 2 2 2 2 2 2 2
left_child=1 -1 7 4 6 -5 -3 -2
right_child=2 3 -4 5 -6 -7 -8 -9
leaf_value=-0.0059704211704871236 -0.0092947541425625491 0.017495156981443105 0.002499591372907162 0.0075017476081848146 0.0030207329853014515 -0.0017137676974137627 0.0092144614458084112 -0.017806953862309457
leaf_weight=34 24 38 32 20 22 30 20 20
leaf_count=34 24 38 32 20 22 30 20 20
internal_value=0.00129984 0.00494627 -0.00656877 0.00780141 0.0114445 0.00197244 0.0146397 -0.0131639
internal_weight=240 164 76 130 80 50 58 44
internal_count=240 164 76 130 80 50 58 44
is_linear=0
shrinkage=0.05


Tree=12
num_leaves=9
num_cat=0
split_feature=18 4 19 15 1 3 16 14
split_gain=2.4859 1.84531 1.64087 0.996585 0.849254 0.680523 0.367898 0.285351
threshold=1.5000000000000002 1.0000000180025095e-35 2.0500000000000003 3.5000000000000004 37.95000000000001 22.500000000000004 41.500000000000007 2.5000000000000004
decision_type=2 2 2 2 2 2 2 2
left_child=1 -1 7 4 -3 -6 -5 -2
right_child=2 3 -4 6 5 -7 -8 -9
leaf_value=-0.0056718999848646284 -0.0088300165099402268 0.018296563281462744 0.0023746117949485779 0.0071266603469848635 0.012910632071671663 0.0016846496197912429 -0.0016280792156855265 -0.016916606277227405
leaf_weight=34 24 26 32 20 27 27 30 20
leaf_count=34 24 26 32 20 27 27 30 20
internal_value=0.00123485 0.00469896 -0.00624033 0.00741134 0.0108723 0.00729764 0.00187382 -0.0125057
internal_weight=240 164 76 130 80 54 50 44
internal_count=240 164 76 130 80 54 50 44
is_linear=0
shrinkage=0.05


Tree=13
num_leaves=9
num_cat=0
split_feature=18 4 19 3 8 2 3 14
split_gain=2.24353 1.66539 1.48089 0.92137 0.902407 1.20868 1.20399 0.257529
threshold=1.5000000000000002 1.0000000180025095e-35 2.0500000000000003 11.000000000000002 3.5000000000000004 58.000000000000007 19.000000000000004 2.5000000000000004
decision_type=2 2 2 2 2 2 2 2
left_child=1 -1 7 -3 5 6 -5 -2
right_child=2 3 -4 4 -6 -7 -8 -9
leaf_value=-0.0053883051609291757 -0.0083885155618190765 0.015459477958770899 0.0022558812983334065 0.0027023097127676014 -0.0040557771243832329 -0.00023948154412209988 0.018539941608905791 -0.016070775911211969
leaf_weight=34 24 26 32 20 22 32 30 20
leaf_count=34 24 26 32 20 22 32 30 20
internal_value=0.00117311 0.00446401 -0.00592831 0.00704077 0.0049361 0.00734855 0.0122049 -0.0118805
internal_weight=240 164 76 130 104 82 50 44
internal_count=240 164 76 130 104 82 50 44
is_linear=0
shrinkage=0.05


Tree=14
num_leaves=9
num_cat=0
split_feature=18 4 19 9 3 1 3 14
split_gain=2.02478 1.50302 1.3365 0.889246 0.699824 0.560168 0.643362 0.23242
threshold=1.5000000000000002 1.0000000180025095e-35 2.0500000000000003 1.5000000000000002 11.000000000000002 37.750000000000007 29.000000000000004 2.5000000000000004
decision_type=2 2 2 2 2 2 2 2
left_child=1 -1 7 -3 -5 -6 -7 -2
right_child=2 3 -4 4 5 6 -8 -9
leaf_value=-0.005118889756062452 -0.0079690897837281227 0.014406132749442397 0.0021430871915072204 0.012596270442008973 0.008370129764080048 0.0041381984708770631 -0.0068987698658652926 -0.015267236940562727
leaf_weight=34 24 29 32 21 26 31 23 20
leaf_count=34 24 29 32 21 26 31 23 20
internal_value=0.00111445 0.00424081 -0.0056319 0.00668873 0.00447285 0.00234045 -0.000562732 -0.0112864
internal_weight=240 164 76 130 101 80 54 44
internal_count=240 164 76 130 101 80 54 44
is_linear=0
shrinkage=0.05


Tree=15
num_leaves=10
num_cat=0
split_feature=9 3 3 18 17 15 15 20 1
split_gain=1.0543 1.00755 1.00385 1.00781 1.01589 1.33946 1.1167 0.674558 0.282733
threshold=1.5000000000000002 14.500000000000002 41.000000000000007 1.5000000000000002 56.500000000000007 3.5000000000000004 1.0000000180025095e-35 1.0000000180025095e-35 38.050000000000004
decision_type=2 2 2 2 2 2 2 2 2
left_child=1 -1 3 4 5 6 -2 -5 -3
right_child=2 8 -4 7 -6 -7 -8 -9 -10
leaf_value=-0.0046041729194777354 0.0011648180335760117 0.013118277639150619 -0.013015152352011722 -0.0027155311312526465 -0.0076589836478233343 -0.0034746705609209395 0.017319288979405944 -0.014088930731469934 0.0048116417158217658
leaf_weight=21 20 20 23 32 25 34 23 22 21
leaf_count=21 20 20 23 32 25 34 23 22 21
internal_value=-0.00131723 0.00430197 -0.00326355 -0.00182581 0.0010983 0.00394157 0.00980558 -0.00734914 0.00886366
internal_weight=241 62 179 156 102 77 43 54 41
internal_count=241 62 179 156 102 77 43 54 41
is_linear=0
shrinkage=0.05


Tree=16
num_leaves=9
num_cat=0
split_feature=14 2 2 1 1 17 14 16
split_gain=0.970968 1.12407 1.55779 0.761645 1.40098 0.700088 0.478003 0.378141
threshold=1.5000000000000002 41.000000000000007 58.000000000000007 38.250000000000007 37.550000000000004 8.6500000000000004 1.0000000180025095e-35 44.500000000000007
decision_type=2 2 2 2 2 2 2 2
left_child=1 -1 6 4 7 -4 -3 -2
right_child=3 2 5 -5 -6 -7 -8 -9
leaf_value=-0.0077800763845443724 0.0034824734553694729 0.016609688252210618 0.0025726247371898759 0.0013743159257703357 -0.015223669238162763 -0.0090947771444916722 0.0064111650541976654 -0.0058265138417482381
leaf_weight=25 20 20 36 36 33 20 27 24
leaf_count=25 20 20 36 36 33 20 27 24
internal_value=-0.00125137 0.00173056 0.00403897 -0.00462914 -0.00743595 -0.0015943 0.010751 -0.00159516
internal_weight=241 128 103 113 77 56 47 44
internal_count=241 128 103 113 77 56 47 44
is_linear=0
shrinkage=0.05


Tree=17
num_leaves=10
num_cat=0
split_feature=9 3 18 17 3 20 10 3 1
split_gain=0.910387 0.899881 0.908574 0.890743 0.880224 0.62692 0.536578 0.425059 0.249078
threshold=1.5000000000000002 41.000000000000007 1.5000000000000002 7.2500000000000009 14.500000000000002 1.0000000180025095e-35 2.5000000000000004 22.500000000000004 38.050000000000004
decision_type=2 2 2 2 2 2 2 2 2
left_child=4 2 3 6 -1 -4 -2 -5 -6
right_child=1 -3 5 7 8 -7 -8 -9 -10
leaf_value=-0.0042915847329866325 0.0098711218084058458 -0.012230229053808295 -0.002413505385629833 -0.0080991740983266097 0.012289911210536957 -0.013377949730916459 -0.00033903108401732012 0.0012321223059426185 0.0044933197753770013
leaf_weight=21 31 23 32 26 20 22 22 23 21
leaf_count=21 31 23 32 26 20 22 22 23 21
internal_value=-0.0011888 -0.00299741 -0.00163616 0.00114026 0.00403282 -0.0068805 0.00563295 -0.00371918 0.00829654
internal_weight=241 179 156 102 62 54 53 49 41
internal_count=241 179 156 102 62 54 53 49 41
is_linear=0
shrinkage=0.05


Tree=18
num_leaves=11
num_cat=0
split_feature=14 8 8 12 8 4 15 3 16 1
split_gain=0.840075 1.39232 1.77459 1.55148 0.937339 1.08966 0.975167 0.630562 0.544296 0.222161
threshold=1.5000000000000002 3.5000000000000004 1.0000000180025095e-35 1.0000000180025095e-35 2.5000000000000004 2.5000000000000004 3.5000000000000004 29.000000000000004 42.500000000000007 38.150000000000013
decision_type=2 2 2 2 2 2 2 2 2 2
left_child=1 2 8 -4 6 -6 -2 -7 -1 -5
right_child=4 -3 3 9 5 7 -8 -9 -10 -11
leaf_value=-0.010033714175224305 0.0089138401164249939 -0.0094977600742941325 -0.0019974819606258759 0.018412733413279057 -0.015922702189821464 0.0022284933030605318 -0.0063410067185759554 -0.0096826979890465743 0.0016313596069812775 0.011277471855282785
leaf_weight=20 22 23 21 20 26 25 20 20 20 24
leaf_count=20 22 23 21 20 26 25 20 20 20 24
internal_value=-0.00112936 0.00164431 0.00408495 0.00918411 -0.00427122 -0.00777369 0.00164963 -0.00306537 -0.00420118 0.0145208
internal_weight=241 128 105 65 113 71 42 45 40 44
internal_count=241 128 105 65 113 71 42 45 40 44
is_linear=0
shrinkage=0.05


Tree=19
num_leaves=10
num_cat=0
split_feature=9 3 18 3 6 10 20 10 1
split_gain=0.81722 0.803717 0.798466 0.781902 0.723011 0.692217 0.562051 0.254741 0.220895
threshold=1.5000000000000002 41.000000000000007 1.5000000000000002 14.500000000000002 3.5000000000000004 2.5000000000000004 1.0000000180025095e-35 1.5000000000000002 38.050000000000004
decision_type=2 2 2 2 2 2 2 2 2
left_child=3 2 4 -1 5 7 -4 -2 -5
right_child=1 -3 6 8 -6 -7 -8 -9 -10
leaf_value=-0.0039713842528206963 0.004047951679075918 -0.011512019177493843 -0.0021867244271561504 0.011653537452220917 -0.0062850878834724427 -0.0031382284771937596 -0.012568420984528282 0.011285781934857369 0.0043112752693040034
leaf_weight=21 31 23 32 20 25 26 22 20 21
leaf_count=21 31 23 32 20 25 26 22 20 21
internal_value=-0.00107289 -0.00278646 -0.0015 0.00387433 0.00110275 0.00350141 -0.0064163 0.00688632 0.00789287
internal_weight=241 179 156 62 102 77 54 51 41
internal_count=241 179 156 62 102 77 54 51 41
is_linear=0
shrinkage=0.05


end of trees

feature_importances:
Column_15=22
Column_3=17
Column_18=17
Column_1=14
Column_17=14
Column_9=12
Column_4=9
Column_14=9
Column_20=9
Column_2=8
Column_16=7
Column_8=6
Column_19=6
Column_11=5
Column_5=3
Column_6=3
Column_10=3
Column_12=1

parameters:
[boosting: gbdt]
[objective: regression]
[metric: l2]
[tree_learner: serial]
[device_type: cpu]
[data_sample_strategy: bagging]
[data: ]
[valid: ]
[num_iterations: 20]
[learning_rate: 0.05]
[num_leaves: 31]
[num_threads: 0]
[seed: 0]
[deterministic: 0]
[force_col_wise: 0]
[force_row_wise: 0]
[histogram_pool_size: -1]
[max_depth: -1]
[min_data_in_leaf: 20]
[min_sum_hessian_in_leaf: 0.001]
[bagging_fraction: 0.8]
[pos_bagging_fraction: 1]
[neg_bagging_fraction: 1]
[bagging_freq: 5]
[bagging_seed: 3]
[bagging_by_query: 0]
[feature_fraction: 0.9]
[feature_fraction_bynode: 1]
[feature_fraction_seed: 2]
[extra_trees: 0]
[extra_seed: 6]
[early_stopping_round: 0]
[early_stopping_min_delta: 0]
[first_metric_only: 0]
[max_delta_step: 0]
[lambda_l1: 0]
[lambda_l2: 0]
[linear_lambda: 0]
[min_gain_to_split: 0]
[drop_rate: 0.1]
[max_drop: 50]
[skip_drop: 0.5]
[xgboost_dart_mode: 0]
[uniform_drop: 0]
[drop_seed: 4]
[top_rate: 0.2]
[other_rate: 0.1]
[min_data_per_group: 100]
[max_cat_threshold: 32]
[cat_l2: 10]
[cat_smooth: 10]
[max_cat_to_onehot: 4]
[top_k: 20]
[monotone_constraints: ]
[monotone_constraints_method: basic]
[monotone_penalty: 0]
[feature_contri: ]
[forcedsplits_filename: ]
[refit_decay_rate: 0.9]
[cegb_tradeoff: 1]
[cegb_penalty_split: 0]
[cegb_penalty_feature_lazy: ]
[cegb_penalty_feature_coupled: ]
[path_smooth: 0]
[interaction_constraints: ]
[verbosity: 1]
[saved_feature_importance_type: 0]
[use_quantized_grad: 0]
[num_grad_quant_bins: 4]
[quant_train_renew_leaf: 0]
[stochastic_rounding: 1]
[linear_tree: 0]
[max_bin: 255]
[max_bin_by_feature: ]
[min_data_in_bin: 3]
[bin_construct_sample_cnt: 200000]
[data_random_seed: 1]
[is_enable_sparse: 1]
[enable_bundle: 1]
[use_missing: 1]
[zero_as_missing: 0]
[feature_pre_filter: 1]
[pre_partition: 0]
[two_round: 0]
[header: 0]
[label_column: ]
[weight_column: ]
[group_column: ]
[ignore_column: ]
[categorical_feature: ]
[forcedbins_filename: ]
[precise_float_parser: 0]
[parser_config_file: ]
[objective_seed: 5]
[num_class: 1]
[is_unbalance: 0]
[scale_pos_weight: 1]
[sigmoid: 1]
[boost_from_average: 1]
[reg_sqrt: 0]
[alpha: 0.9]
[fair_c: 1]
[poisson_max_delta_step: 0.7]
[tweedie_variance_power: 1.5]
[lambdarank_truncation_level: 30]
[lambdarank_norm: 1]
[label_gain: ]
[lambdarank_position_bias_regularization: 0]
[eval_at: ]
[multi_error_top_k: 1]
[auc_mu_weights: ]
[num_machines: 1]
[local_listen_port: 12400]
[time_out: 120]
[machine_list_filename: ]
[machines: ]
[gpu_platform_id: -1]
[gpu_device_id: -1]
[gpu_use_dp: 0]
[num_gpu: 1]

end of parameters

pandas_categorical:null
